100704|柳渭林|大众路66-6号13867032171|201503|4910|5000|0|90|2.15|193.50|7.74|6230910899000172115|2099|
101753|张庭标|新力小区三号楼二单元504|201503|20|30|0|10|1.55|15.50|0.62|6228580899001104250|a|
102188|陈卫平|竹海云天2#楼302|201501|2056|2072|0|16|1.55|24.80|8.31|6228580899001460538|2099|
102188|陈卫平|竹海云天2#楼302|201503|2072|2086|0|14|1.55|21.70|0.87|6228580899001460538|2099|
102202|程土根|东苑小区7-3-305|201504|50|56|0|6|1.55|9.30|0.00|101006462355171|2099|
102303|陈玲|东苑小区17-1-101|201504|62|86|0|24|1.55|37.20|0.00|6228580899015724648|a|
102312|吴银珠|东苑小区15-1-301|201504|52|68|0|16|1.55|24.80|0.00|6228580899006151348|2099|
102795|张宁|锦绣龙城1号楼四单元501|201504|884|890|0|6|1.55|9.30|0.00|6228580899000160543|2099|
102865|温胜浩|锦绣龙城三号楼三单元102|201504|663|665|0|2|1.55|3.10|0.00|6228580820100010255|a|
103063|赖小龙|莱茵河泮美景园4号楼一单元302|201504|758|796|0|38|1.55|58.90|0.00|6228580899000963268|2099|
103085|程晓青|莱茵河泮美景园四号楼三单元301|201504|915|925|0|10|1.55|15.50|0.00|6228580899002451593|2099|
103109|林云根|美景园公寓5号楼-301|201504|861|891|0|30|1.55|46.50|0.00|101006689198817|2099|
10315|孙禄洪|北区阳光小区30#楼一单元501|201504|202|212|0|10|1.55|15.50|0.00|101010247429009|2099|
104525|徐静波|岑山路26号|201409|671|673|0|2|1.55|3.10|2.95|101003642811818|2099|
104525|徐静波|岑山路26号|201411|673|677|0|4|1.55|6.20|4.00|101003642811818|2099|
104525|徐静波|岑山路26号|201503|677|683|0|6|1.55|9.30|0.37|101003642811818|2099|
104792|龚建明|文化东路48号2幢东单元201|201501|1012|1034|0|22|1.55|34.10|11.42|6228580899002474801|a|
104792|龚建明|文化东路48号2幢东单元201|201503|1034|1052|0|18|1.55|27.90|1.12|6228580899002474801|a|
105530|绍俏军|朝阳小区5号楼二单元304室|201504|8|12|0|4|1.55|6.20|0.00|101011164334561|2099|
10597|郑捷|北区阳光小区44#楼一单元301|201504|350|370|0|20|1.55|31.00|0.00|101006716691634|2099|
106102|刘剑光|交易城一单元602|201503|492|530|0|38|1.55|58.90|2.36|6228580899010255242|2099|
107601|吴鹏|御龙湾13-3-402|201504|584|596|0|12|1.55|18.60|0.00|6228580820900002403|2099|
108072|金卸荣|龙丽线公路西南侧下杨村|201504|628|686|0|58|1.55|89.90|0.00|101007749302648|a|
108261|吕巧云|县府宿舍9幢15号|201504|710|726|0|16|1.55|24.80|0.00|101006515300161|2099|
108352|腾飞食品有限公司|城南|201504|1354|1392|0|38|1.55|58.90|0.00|101004580636385|2099|
108802|姜彩贞|清风雅苑22-1-101里箱里1开始|201504|1280|1322|0|42|1.55|65.10|0.00|101004862591480|2099|
109497|何龙|清风雅苑18-1-302|201504|464|480|0|16|1.55|24.80|0.00|6228580899003110305|2099|
109757|楼坚勇|清风雅苑20-1-601|201504|372|374|0|2|1.55|3.10|0.00|6228580899000644157|2099|
109909|徐宝凤|香格里拉9-1-102|201504|20|34|0|14|1.55|21.70|0.00|101003716571125|2099|
110460|徐军军方彩|香格里拉22-1-202|201504|38|60|0|22|1.55|34.10|0.00|101001111270496|2099|
110740|张荷叶|御龙湾21-1-501|201504|994|998|0|4|1.55|6.20|0.00|6228580899001518202|2099|
110757|张俊|御龙湾21-2-502|201412|1010|1022|0|12|1.55|18.60|9.11|6228580820700007123|a|
110757|张俊|御龙湾21-2-502|201502|1022|1030|0|8|1.55|12.40|2.42|6228580820700007123|a|
110757|张俊|御龙湾21-2-502|201504|1030|1040|0|10|1.55|15.50|0.00|6228580820700007123|a|
110873|胡安琪|御龙湾26-2-501|201502|1048|1060|0|12|1.55|18.60|3.63|6228580899003669722|a|
110873|胡安琪|御龙湾26-2-501|201504|1060|1152|0|92|1.55|142.60|0.00|6228580899003669722|a|
111113|童小林||201501|1114|1134|0|20|1.55|31.00|10.39|101006254422815|2099|
111679|0|金利花苑3-1-201东1|201503|1046|1050|0|4|1.55|6.20|0.25|6228580899010240749|a|
112128|王应珍|阳光公寓五单元310|201408|730|748|0|18|1.55|27.90|31.67|101007007908725|2099|
112128|王应珍|阳光公寓五单元310|201410|748|768|0|20|1.55|31.00|24.65|101007007908725|2099|
112128|王应珍|阳光公寓五单元310|201412|768|814|0|46|1.55|71.30|34.94|101007007908725|2099|
112128|王应珍|阳光公寓五单元310|201504|814|850|0|36|1.55|55.80|0.00|101007007908725|2099|
113332|沈刚|华西园新村9幢1单元2楼|201410|448|472|0|24|1.55|37.20|29.57|101002914281997|2099|
113332|沈刚|华西园新村9幢1单元2楼|201412|472|484|0|12|1.55|18.60|9.11|101002914281997|2099|
113332|沈刚|华西园新村9幢1单元2楼|201502|484|490|0|6|1.55|9.30|1.81|101002914281997|2099|
113332|沈刚|华西园新村9幢1单元2楼|201504|490|506|0|16|1.55|24.80|0.00|101002914281997|2099|
113632|曾晓芳|岑山路30号1幢304|201411|704|720|0|16|1.55|24.80|16.00|101008963663772|2099|
113632|曾晓芳|岑山路30号1幢304|201501|720|736|0|16|1.55|24.80|8.31|101008963663772|2099|
113632|曾晓芳|岑山路30号1幢304|201503|736|750|0|14|1.55|21.70|0.87|101008963663772|2099|
113714|雷邹杰|招商路西门联建楼5单元501|201503|388|394|0|6|1.55|9.30|0.37|101005037931391|2099|
113914|冯正清|招商路2弄16号|201501|72|74|0|2|1.55|3.10|1.04|101001112243019|a|
114681|夏彩君|人民路35号龙港宿舍2幢3单元406|201504|1192|1242|0|50|1.55|77.50|0.00|101005641624560|2099|
115700|董素文|兴龙路16号粮食局宿舍2幢2单元西|201409|256|296|0|40|1.55|62.00|58.90|101008804889667|2099|
115830|雷志琴|幸福路60号1号楼4单元606|201503|492|528|0|36|1.55|55.80|2.23|6228580899013126184|2099|
115935|伍庆祝|小北巷73号|201501|228|250|0|22|1.55|34.10|11.42|101009741535190|2099|
115935|伍庆祝|小北巷73号|201503|250|262|0|12|1.55|18.60|0.74|101009741535190|2099|
115977|张根梅|巨龙路92号柳村宿舍|201410|726|762|0|36|1.55|55.80|44.36|101006056782773|2099|
115977|张根梅|巨龙路92号柳村宿舍|201412|762|802|0|40|1.55|62.00|30.38|101006056782773|2099|
115977|张根梅|巨龙路92号柳村宿舍|201502|802|830|0|28|1.55|43.40|8.46|101006056782773|2099|
115977|张根梅|巨龙路92号柳村宿舍|201504|830|862|0|32|1.55|49.60|0.00|101006056782773|2099|
115988|翁秀琴|兴龙路1号1单元东|201502|238|254|0|16|1.55|24.80|4.84|101007217075467|2099|
115988|翁秀琴|兴龙路1号1单元东|201504|254|270|0|16|1.55|24.80|0.00|101007217075467|2099|
116217|黄德华|谷水路19#2幢二单元东403东2|201409|322|348|0|26|1.55|40.30|38.29|101004809699431|2099|
116217|黄德华|谷水路19#2幢二单元东403东2|201411|348|370|0|22|1.55|34.10|21.99|101004809699431|2099|
116217|黄德华|谷水路19#2幢二单元东403东2|201501|370|384|0|14|1.55|21.70|7.27|101004809699431|2099|
116217|黄德华|谷水路19#2幢二单元东403东2|201503|384|400|0|16|1.55|24.80|0.99|101004809699431|2099|
116517|傅建宏|胜利路48号501|201501|428|438|0|10|1.55|15.50|5.19|101005976496903|2099|
116517|傅建宏|胜利路48号501|201503|438|448|0|10|1.55|15.50|0.62|101005976496903|2099|
116523|罗洪光|胜利路48号302|201503|282|296|0|14|1.55|21.70|0.87|101004698028950|2099|
117028|罗清辉|太平路90号老城建大楼2单元5楼东2|201504|212|216|0|4|1.55|6.20|0.00|6230910899000092487|2099|
117180|沈刚|新二路农业局宿舍|201501|448|466|0|18|1.55|27.90|9.35|101006739072835|2099|
117180|沈刚|新二路农业局宿舍|201503|466|476|0|10|1.55|15.50|0.62|101006739072835|2099|
117672|李瑞香|太平路43号2单元5|201411|120|128|0|8|1.55|12.40|8.00|101001111801009|2099|
117672|李瑞香|太平路43号2单元5|201501|128|132|0|4|1.55|6.20|2.08|101001111801009|2099|
117672|李瑞香|太平路43号2单元5|201503|132|138|0|6|1.55|9.30|0.37|101001111801009|2099|
117763|季常春|龙港城南花苑1号5单元601|201504|886|910|0|24|1.55|37.20|0.00|6228580899005193606|2099|
117815|吴根云|龙港城南花苑3号2单元302|201305|164|170|0|6|1.55|9.30|31.81|101006062230749|2099|
117815|吴根云|龙港城南花苑3号2单元302|201309|170|180|0|10|1.55|15.50|43.48|101006062230749|2099|
117815|吴根云|龙港城南花苑3号2单元302|201401|180|184|0|4|1.55|6.20|13.61|101006062230749|2099|
118086|周伟平|兴龙路农资宿舍|201501|452|486|0|34|1.55|52.70|17.65|101005526816465|2099|
118086|周伟平|兴龙路农资宿舍|201503|486|512|0|26|1.55|40.30|1.61|101005526816465|2099|
118114|徐炳根|北门小区7幢1单元301|201503|194|196|0|2|1.55|3.10|0.12|6210580899001766718|a|
118179|柯向红|芩山路6#|201503|538|552|0|14|1.55|21.70|0.87|6230910899001724575|a|
118341|袁峰|谷水路24号401|201503|252|276|0|24|1.55|37.20|1.49|6228580899000982870|2099|
118887|陆利全|新二路13号三单元西东1106|201503|470|490|0|20|1.55|31.00|1.24|101006059033650|2099|
119113|方志慧|华西园2幢3单元302西3|201504|276|286|0|10|1.55|15.50|0.00|6230910899001161158|a|
119493|郑志坚|御园66号B|201504|384|402|0|18|1.55|27.90|0.00|6228580899001122047|a|
119605|黄恰敏|巨龙路18#饲料公司宿舍一单元322西5|201504|212|224|0|12|1.55|18.60|0.00|6228580899015745650|2099|
120355|方军红|晨东小区52-2-204|201503|14|22|0|8|1.55|12.40|0.50|6228580899010263600|a|
120381|卢根松|晨东小区55-1-401|201501|354|380|0|26|1.55|40.30|13.50|101009394715343|2099|
120381|卢根松|晨东小区55-1-401|201503|380|398|0|18|1.55|27.90|1.12|101009394715343|2099|
120554|蔡志仙|晨东小区47-1-402|201411|22|24|0|2|1.55|3.10|2.00|6228580899011153149|2099|
120554|蔡志仙|晨东小区47-1-402|201501|24|34|0|10|1.55|15.50|5.19|6228580899011153149|2099|
120554|蔡志仙|晨东小区47-1-402|201503|34|46|0|12|1.55|18.60|0.74|6228580899011153149|2099|
120619|黄柏峰|晨东小区50-2-104|201409|48|58|0|10|1.55|15.50|14.73|6228580899001975519|a|
120619|黄柏峰|晨东小区50-2-104|201501|58|60|0|2|1.55|3.10|1.04|6228580899001975519|a|
120772|丁雷|华西园园丁8号楼1单元201东2|201504|74|78|0|4|1.55|6.20|0.00|101003806115342|a|
120813|华祝仁|晨东小区59-3-105|201501|320|334|0|14|1.55|21.70|7.27|101003686045230|2099|
120813|华祝仁|晨东小区59-3-105|201503|334|344|0|10|1.55|15.50|0.62|101003686045230|2099|
120970|储益明|晨东小区64-2-403|201503|346|414|0|68|1.55|105.40|4.22|6228580899001111578|2099|
12102|张红飞|北区世纪花园B11101室|201503|0|4|0|4|1.55|6.20|0.25|6228580899008239109|a|
121112|邱建兵|荣联大厦|201501|100|110|0|10|1.55|15.50|5.19|101009292444103|2099|
121112|邱建兵|荣联大厦|201503|110|112|0|2|1.55|3.10|0.12|101009292444103|2099|
121272|上官德荣|阳光家园廉租房D号楼103|201503|138|142|0|4|1.55|6.20|0.25|101001113355999|2099|
121367|莫文仙|华西园园丁新村1幢2单元504室东20|201504|284|310|0|26|1.55|40.30|0.00|101008946510209|2099|
121724|叶琴|新湖风景13-203东2|201504|152|174|0|22|1.55|34.10|0.00|6228580899005135730|2099|
121780|童文超|新湖风景15-302西3|201504|30|40|0|10|1.55|15.50|0.00|101001084868378|a|
122139|冯卫忠|华西园10幢中单元403/3铁东2|201502|54|58|0|4|1.55|6.20|1.21|6210580899001568205|2099|
122222|苏根祥|金矿宿舍东32|201411|108|120|0|12|1.55|18.60|12.00|6228580899001131402|a|
122222|苏根祥|金矿宿舍东32|201501|120|126|0|6|1.55|9.30|3.12|6228580899001131402|a|
122222|苏根祥|金矿宿舍东32|201503|126|130|0|4|1.55|6.20|0.25|6228580899001131402|a|
122447|张志良|阳光廉租房2-505|201504|66|76|0|10|1.55|15.50|0.00|101001115968974|2099|
123472|张亚彬|中泰丽苑2号楼3单元506室|201503|6|8|0|2|1.55|3.10|0.12|101002951548016|2099|
123814|徐银美|金利.龙翔华庭2-303+304(2-05)|201503|148|154|0|6|1.55|9.30|0.37|101004556884508|2099|
124303|吴益明|兰桂庭2号楼一单元西302|201504|76|92|0|16|1.55|24.80|0.00|101009952891536|2099|
124340|王利华|兰桂庭3号楼二单元半个从西到东201|201504|350|362|0|12|1.55|18.60|0.00|101010241877861|a|
124341|何志雄|兰桂庭3号楼二单元半个从西到东301|201502|88|104|0|16|1.55|24.80|4.84|101010683127422|2099|
124341|何志雄|兰桂庭3号楼二单元半个从西到东301|201504|104|120|0|16|1.55|24.80|0.00|101010683127422|2099|
124400|黄春媚|兰桂庭6号楼一单元东从西到东601|201412|0|28|0|28|1.55|43.40|21.27|6230910899001727917|2099|
124400|黄春媚|兰桂庭6号楼一单元东从西到东601|201502|28|40|0|12|1.55|18.60|3.63|6230910899001727917|2099|
124400|黄春媚|兰桂庭6号楼一单元东从西到东601|201504|40|50|0|10|1.55|15.50|0.00|6230910899001727917|2099|
124553|黄乔琪|太平西路17号联建楼4单元602室中行对面|201503|70|84|0|14|1.55|21.70|0.87|6230910899000087750|2099|
125914|陈金波|太平西路金峰大厦301室7小铁南1|201504|0|8|0|8|1.55|12.40|0.00|101006817575536|2099|
30565|章云贵|北区荣昌路6#地块宏建楼一单201|201502|562|564|0|2|1.55|3.10|0.60|101003167074475|2099|
30565|章云贵|北区荣昌路6#地块宏建楼一单201|201504|564|566|0|2|1.55|3.10|0.00|101003167074475|2099|
55245|余彩霞|巨龙路21|201503|335|339|0|4|1.55|6.20|0.25|101009876074072|2099|
66011|张雪姣|桥下村义井巷35号|201503|728|792|0|64|1.55|99.20|3.97|6228580899015737293|2099|
66640|邱金民|东区鸡鸣路18号3单元南面3楼|201504|14|22|0|8|1.55|12.40|0.00|6228580899001470065|2099|
78328|阚东辉|北区兴龙北路金辉房产703|201504|378|384|0|6|1.55|9.30|0.00|6230910899000304486|2099|
78370|李永飞|西区新力小区8号楼西单元504|201412|28|48|0|20|1.55|31.00|15.19|6228580899001102445|2099|
78370|李永飞|西区新力小区8号楼西单元504|201503|48|72|0|24|1.55|37.20|1.49|6228580899001102445|2099|
93030|吕土生|西区方门街拆迁小区东面第一幢东1|201503|1030|1050|0|20|1.55|31.00|1.24|6230910899000283474|2099|
99334|吴巍|广场东5|201504|2325|2349|0|24|1.55|37.20|0.00|101001077984205|2099|
